punto,Tx_x,Tx_y,Tx_z,Rx_x,Rx_y,Rx_z,Rx_inicial_x,Rx_inicial_y,dist_inicial,energia_promedio
1,147.500000,-0.000000,120.000000,55.955678,46.820196,120.000000,-248.287100,0.000000,307.824299,2.676336922306e-16
2,121.998956,84.879671,118.205851,-51.476067,-51.484879,118.205851,55.955678,46.820196,145.620973,1.685327731107e-15
3,52.700284,140.162592,116.411701,-51.234062,-51.217205,116.411701,-51.476067,-51.484879,0.360854,7.596869758815e-16
4,-35.736206,146.570390,114.617552,-0.000311,0.000314,114.617552,-51.234062,-51.217205,72.443989,5.195713718503e-16
5,-112.513857,102.177227,112.823403,-0.000314,0.000311,112.823403,-0.000311,0.000314,0.000006,1.008081959960e-15
6,-151.448710,22.471203,111.029254,-0.000314,0.000311,111.029254,-0.000314,0.000311,0.000000,4.749077364746e-16
7,-139.644147,-65.466073,109.235104,50.687184,50.683353,109.235104,-0.000314,0.000311,71.679797,1.156198685868e-15
8,-81.328013,-132.360082,107.440955,50.524815,50.525555,107.440955,50.687184,50.683353,0.226415,1.677109371337e-15
9,4.112364,-156.416696,105.646806,0.000311,-0.000314,105.646806,50.524815,50.525555,71.453404,3.658446959688e-16
10,88.907887,-130.117848,103.852657,0.000311,-0.000314,103.852657,0.000311,-0.000314,0.000000,1.038943619845e-15
11,146.042044,-62.142379,102.058507,0.000311,-0.000314,102.058507,0.000311,-0.000314,0.000000,8.230019773847e-16
12,157.722285,25.900511,100.264358,52.211943,47.027632,100.264358,0.000311,-0.000314,70.268644,5.511843204571e-16
13,120.595170,106.600550,98.470209,-21.256260,-20.735893,98.470209,52.211943,47.027632,99.947347,2.021881022943e-15
14,46.299473,155.323736,96.676059,46.571817,51.679050,96.676059,-21.256260,-20.735893,99.219816,7.374730639789e-16
15,-42.535365,157.558221,94.881910,-0.000311,0.000314,94.881910,46.571817,51.679050,69.567627,6.990305437914e-16
16,-119.384692,112.908843,93.087761,-0.000314,0.000311,93.087761,-0.000311,0.000314,0.000006,1.205907564740e-15
17,-161.748845,34.759154,91.293612,-0.000314,0.000311,91.293612,-0.000314,0.000311,0.000000,6.511481462468e-16
18,-157.549188,-54.050270,89.499462,-52.425022,-47.314548,89.499462,-0.000314,0.000311,70.619019,8.815469673403e-16
19,-108.253661,-128.059083,87.705313,27.329196,26.604683,87.705313,-52.425022,-47.314548,108.741841,2.456559823025e-15
20,-28.034157,-166.461378,85.911164,-47.158959,-52.211541,85.911164,27.329196,26.604683,108.445758,7.403873662658e-16
21,60.583546,-158.760114,84.117014,-46.637147,-51.755605,84.117014,-47.158959,-52.211541,0.692940,1.761518222283e-16
22,133.179871,-107.334114,82.322865,0.000654,99.435605,82.322865,-46.637147,-51.755605,158.220941,2.476146762391e-16
23,170.134685,-26.392114,80.528716,52.394587,47.183660,80.528716,0.000654,99.435605,73.995878,3.497743143925e-16
170.13,  -26.39, 80.53] | [   52.39,   47.18, 80.53] | [    0.00,   99.44] |    74.00 |     0.000000

================================================================================
Optimización completada en 626.29 segundos
Archivo de trayectoria guardado: Receptor_traj_otimizado.csv
